0.0484329 142.0 201.0 173.0 381.0
0.0968657 145.0 205.0 177.0 390.0
0.121082 144.0 204.0 175.0 387.0
0.145299 144.0 204.0 175.0 387.0
0.217948 143.0 204.0 175.0 386.0
0.242164 143.0 202.0 175.0 385.0
0.290597 143.0 202.0 175.0 385.0
0.314813 145.0 206.0 177.0 391.0
0.363246 145.0 206.0 177.0 391.0
0.387463 146.0 206.0 177.0 392.0
0.460112 146.0 206.0 177.0 392.0
0.508545 145.0 205.0 177.0 391.0
0.556978 145.0 205.0 177.0 391.0
0.605411 147.0 209.0 180.0 396.0
0.67806 147.0 209.0 180.0 396.0
0.726493 147.0 209.0 180.0 396.0
0.774926 147.0 209.0 180.0 396.0
0.823359 146.0 208.0 178.0 395.0
0.920224 147.0 210.0 182.0 398.0
0.992873 147.0 210.0 182.0 398.0
1.38034 148.0 212.0 182.0 400.0
1.45299 149.0 214.0 184.0 404.0
1.50142 149.0 214.0 184.0 404.0
1.57407 149.0 214.0 184.0 404.0
1.59828 149.0 214.0 184.0 404.0
1.69515 146.0 212.0 182.0 397.0
1.71937 146.0 212.0 182.0 397.0
1.79202 148.0 214.0 184.0 403.0
1.84045 148.0 214.0 184.0 403.0
1.86467 148.0 214.0 184.0 403.0
1.93731 147.0 212.0 182.0 399.0
1.96153 147.0 212.0 182.0 399.0
2.00996 149.0 214.0 184.0 405.0
2.03418 149.0 214.0 184.0 405.0
2.10683 147.0 212.0 182.0 400.0
2.13105 147.0 212.0 182.0 400.0
2.15526 148.0 213.0 184.0 402.0
2.22791 148.0 213.0 184.0 402.0
2.25213 148.0 214.0 184.0 404.0
2.32478 147.0 212.0 182.0 399.0
2.34899 147.0 212.0 182.0 399.0
2.39743 147.0 212.0 182.0 399.0
2.44586 149.0 215.0 185.0 406.0
2.49429 148.0 214.0 184.0 403.0
2.54272 148.0 214.0 184.0 404.0
2.59116 148.0 214.0 184.0 404.0
2.61537 150.0 217.0 185.0 408.0
2.66381 150.0 217.0 185.0 408.0
2.68802 148.0 213.0 184.0 403.0
2.71224 150.0 217.0 187.0 409.0
2.78489 150.0 217.0 187.0 409.0
2.8091 150.0 217.0 187.0 409.0
2.83332 148.0 214.0 184.0 403.0
2.85754 148.0 214.0 184.0 403.0
2.90597 150.0 217.0 187.0 409.0
2.93019 150.0 217.0 187.0 409.0
2.9544 148.0 214.0 184.0 404.0
3.00284 148.0 214.0 184.0 404.0
3.02705 150.0 217.0 187.0 409.0
3.07549 150.0 217.0 187.0 409.0
3.0997 148.0 214.0 185.0 405.0
3.14814 148.0 214.0 185.0 405.0
3.22078 150.0 217.0 187.0 410.0
3.245 149.0 215.0 185.0 407.0
3.29343 149.0 215.0 185.0 407.0
3.34187 149.0 215.0 185.0 407.0
3.3903 149.0 217.0 187.0 408.0
3.41452 151.0 219.0 187.0 411.0
3.43873 151.0 219.0 187.0 411.0
3.46295 152.0 219.0 189.0 414.0
3.48717 152.0 219.0 189.0 414.0
3.51138 151.0 219.0 189.0 413.0
3.5356 151.0 219.0 189.0 413.0
3.55981 153.0 221.0 191.0 417.0
3.60825 153.0 221.0 191.0 417.0
3.63246 153.0 222.0 191.0 417.0
3.65668 153.0 222.0 191.0 418.0
3.70511 153.0 222.0 191.0 418.0
3.75355 153.0 223.0 192.0 419.0
3.80198 152.0 221.0 191.0 415.0
3.8262 152.0 221.0 191.0 415.0
3.85041 153.0 222.0 192.0 418.0
3.87463 153.0 222.0 192.0 418.0
3.92306 154.0 223.0 192.0 420.0
3.94728 154.0 223.0 192.0 420.0
3.99571 153.0 223.0 192.0 419.0
4.04414 153.0 223.0 192.0 420.0
4.09258 153.0 222.0 191.0 417.0
4.14101 155.0 225.0 194.0 423.0
4.16522 155.0 222.0 192.0 421.0
4.21366 157.0 223.0 194.0 424.0
4.23787 157.0 223.0 194.0 424.0
4.26209 157.0 223.0 194.0 424.0
4.28631 158.0 225.0 194.0 425.0
4.33474 158.0 225.0 194.0 425.0
4.35896 159.0 225.0 196.0 427.0
4.38317 157.0 222.0 192.0 422.0
4.40739 159.0 225.0 196.0 427.0
4.43161 159.0 225.0 196.0 427.0
4.45582 159.0 226.0 196.0 428.0
4.48004 159.0 226.0 196.0 428.0
4.50426 157.0 223.0 192.0 423.0
4.52847 157.0 223.0 192.0 423.0
4.55269 159.0 226.0 196.0 427.0
4.60112 157.0 223.0 194.0 424.0
4.62534 157.0 225.0 194.0 425.0
4.64955 157.0 225.0 194.0 425.0
4.67377 157.0 225.0 194.0 425.0
4.7222 159.0 226.0 196.0 429.0
4.74642 157.0 225.0 194.0 425.0
4.77064 157.0 225.0 194.0 425.0
4.79485 158.0 225.0 196.0 426.0
4.81907 160.0 228.0 199.0 433.0
4.8675 160.0 228.0 199.0 433.0
4.91593 158.0 226.0 196.0 428.0
4.94015 159.0 228.0 198.0 432.0
4.96437 159.0 228.0 198.0 432.0
4.98858 160.0 230.0 199.0 434.0
5.0128 160.0 230.0 199.0 434.0
5.03702 157.0 227.0 198.0 429.0
5.06123 157.0 227.0 198.0 429.0
5.08545 159.0 230.0 199.0 433.0
5.10966 159.0 230.0 199.0 433.0
5.1581 158.0 230.0 199.0 432.0
5.18232 158.0 231.0 201.0 434.0
5.23075 159.0 231.0 201.0 435.0
5.25496 159.0 231.0 201.0 435.0
5.27918 156.0 228.0 199.0 430.0
5.32761 156.0 228.0 199.0 430.0
5.35183 156.0 228.0 199.0 430.0
5.40026 157.0 230.0 199.0 432.0
5.42448 157.0 230.0 199.0 432.0
5.4487 158.0 231.0 201.0 434.0
5.47291 158.0 231.0 201.0 434.0
5.52135 157.0 231.0 201.0 433.0
5.54556 157.0 231.0 201.0 434.0
5.56978 156.0 228.0 199.0 429.0
5.61821 158.0 232.0 201.0 435.0
5.64243 158.0 232.0 201.0 435.0
5.66664 157.0 231.0 201.0 434.0
5.69086 157.0 231.0 201.0 434.0
5.73929 156.0 230.0 199.0 429.0
5.76351 157.0 231.0 201.0 434.0
5.78773 157.0 231.0 201.0 433.0
5.83616 156.0 230.0 199.0 431.0
5.86037 158.0 232.0 203.0 436.0
5.88459 158.0 232.0 203.0 436.0
6.07832 159.0 232.0 203.0 437.0
6.12675 160.0 232.0 203.0 438.0
6.15097 160.0 232.0 203.0 438.0
6.17519 160.0 232.0 203.0 438.0
6.22362 158.0 228.0 201.0 432.0
6.27205 158.0 227.0 201.0 431.0
6.29627 160.0 228.0 203.0 435.0
6.3447 160.0 227.0 201.0 432.0
6.39314 163.0 230.0 204.0 438.0
6.41735 166.0 231.0 204.0 441.0
6.44157 166.0 231.0 204.0 441.0
6.49 170.0 235.0 208.0 446.0
6.51422 176.0 239.0 213.0 457.0
6.53843 183.0 247.0 220.0 472.0
6.58687 188.0 249.0 224.0 480.0
6.61108 188.0 249.0 224.0 480.0
6.65952 204.0 262.0 237.0 512.0
6.68373 204.0 262.0 237.0 512.0
6.70795 214.0 270.0 246.0 532.0
6.73217 224.0 278.0 255.0 554.0
6.75638 224.0 278.0 255.0 554.0
6.7806 230.0 280.0 258.0 565.0
6.80482 230.0 280.0 258.0 565.0
6.82903 235.0 282.0 262.0 575.0
6.87746 235.0 282.0 262.0 575.0
6.90168 241.0 284.0 265.0 586.0
6.95011 246.0 288.0 269.0 596.0
6.97433 252.0 291.0 274.0 605.0
6.99855 252.0 291.0 274.0 605.0
7.02276 252.0 291.0 274.0 605.0
7.0712 257.0 296.0 279.0 617.0
7.09541 268.0 305.0 288.0 637.0
7.11963 268.0 305.0 288.0 637.0
7.16806 275.0 310.0 295.0 650.0
7.19228 283.0 317.0 300.0 665.0
7.24071 291.0 323.0 309.0 680.0
7.26493 297.0 326.0 314.0 692.0
7.31336 297.0 326.0 314.0 692.0
7.33758 302.0 329.0 317.0 699.0
7.36179 304.0 329.0 319.0 703.0
7.38601 304.0 329.0 319.0 703.0
7.41023 304.0 327.0 319.0 701.0
7.45866 301.0 322.0 314.0 696.0
7.48288 301.0 322.0 314.0 696.0
7.50709 301.0 321.0 314.0 695.0
7.55552 300.0 318.0 314.0 692.0
7.57974 298.0 316.0 312.0 688.0
7.62817 296.0 313.0 310.0 683.0
7.65239 296.0 313.0 310.0 683.0
7.67661 292.0 309.0 307.0 675.0
7.72504 292.0 309.0 307.0 675.0
7.74926 289.0 306.0 304.0 669.0
7.79769 287.0 305.0 304.0 666.0
7.82191 284.0 303.0 302.0 660.0
7.84612 284.0 303.0 302.0 660.0
7.89455 280.0 300.0 300.0 652.0
7.91877 273.0 295.0 293.0 640.0
7.94299 273.0 295.0 293.0 640.0
7.96721 266.0 290.0 288.0 627.0
8.01564 263.0 288.0 288.0 622.0
8.03985 254.0 282.0 279.0 605.0
8.06407 254.0 282.0 279.0 605.0
8.08829 249.0 278.0 276.0 595.0
8.13672 240.0 271.0 269.0 579.0
8.16093 232.0 267.0 264.0 565.0
8.18515 232.0 267.0 264.0 565.0
8.23359 224.0 261.0 257.0 550.0
8.2578 224.0 261.0 257.0 550.0
8.28202 208.0 249.0 243.0 518.0
8.30623 208.0 249.0 243.0 518.0
8.35467 201.0 245.0 237.0 507.0
8.37888 201.0 245.0 237.0 507.0
8.4031 190.0 238.0 229.0 485.0
8.42731 182.0 231.0 222.0 470.0
8.45153 182.0 231.0 222.0 470.0
8.47575 175.0 227.0 215.0 456.0
8.49997 175.0 227.0 215.0 456.0
8.52418 169.0 223.0 210.0 444.0
8.5484 166.0 223.0 210.0 441.0
8.59683 162.0 221.0 206.0 432.0
8.62105 158.0 219.0 203.0 427.0
8.64526 158.0 219.0 203.0 427.0
8.6937 157.0 219.0 203.0 425.0
8.74213 154.0 218.0 201.0 420.0
8.76635 154.0 219.0 201.0 421.0
8.79056 154.0 219.0 201.0 421.0
8.83899 152.0 218.0 199.0 418.0
8.86321 152.0 221.0 201.0 420.0
8.88743 152.0 222.0 201.0 421.0
8.93586 152.0 223.0 201.0 423.0
8.96008 152.0 223.0 201.0 423.0
8.98429 153.0 225.0 201.0 425.0
9.00851 153.0 225.0 201.0 425.0
9.03273 151.0 222.0 199.0 420.0
9.05694 151.0 223.0 198.0 420.0
9.08116 151.0 223.0 198.0 420.0
9.10538 151.0 223.0 199.0 420.0
9.12959 151.0 223.0 199.0 420.0
9.15381 150.0 222.0 198.0 418.0
9.17802 150.0 222.0 198.0 418.0
9.22646 153.0 226.0 201.0 425.0
9.25068 151.0 223.0 198.0 419.0
9.27489 151.0 225.0 198.0 422.0
9.32332 151.0 225.0 198.0 422.0
9.34754 153.0 226.0 199.0 425.0
9.37176 153.0 226.0 199.0 425.0
9.39597 152.0 226.0 199.0 424.0
9.42019 152.0 225.0 199.0 422.0
9.46862 152.0 225.0 199.0 422.0
9.49284 151.0 225.0 199.0 422.0
9.54127 151.0 223.0 198.0 420.0
9.56549 150.0 222.0 198.0 419.0
9.5897 150.0 222.0 198.0 419.0
9.61392 150.0 223.0 198.0 420.0
9.63814 150.0 223.0 198.0 420.0
9.66235 150.0 222.0 198.0 418.0
9.71078 151.0 225.0 199.0 423.0
9.8803 151.0 225.0 199.0 423.0
9.92873 150.0 223.0 198.0 420.0
9.95295 150.0 222.0 198.0 417.0
9.97717 150.0 222.0 198.0 417.0
10.0014 150.0 223.0 198.0 420.0
10.0256 150.0 223.0 198.0 420.0
10.0498 151.0 223.0 199.0 421.0
10.074 151.0 223.0 199.0 421.0
10.0982 149.0 221.0 196.0 415.0
10.1467 150.0 222.0 198.0 419.0
10.1951 151.0 223.0 199.0 420.0
10.2193 151.0 223.0 199.0 420.0
10.2678 150.0 222.0 198.0 419.0
10.292 150.0 222.0 198.0 418.0
10.3162 151.0 223.0 198.0 420.0
10.3404 151.0 223.0 198.0 420.0
10.3888 150.0 222.0 198.0 417.0
10.4131 150.0 222.0 198.0 417.0
10.4373 151.0 223.0 199.0 421.0
10.4615 151.0 223.0 199.0 421.0
10.4857 151.0 223.0 199.0 421.0
10.5099 151.0 223.0 199.0 422.0
10.5341 151.0 223.0 199.0 422.0
10.5826 151.0 223.0 199.0 422.0
10.6068 151.0 223.0 199.0 422.0
10.6552 151.0 223.0 201.0 422.0
10.6794 151.0 223.0 199.0 421.0
10.7037 152.0 225.0 201.0 423.0
10.7279 152.0 225.0 201.0 423.0
10.7521 150.0 221.0 198.0 418.0
10.8005 152.0 225.0 201.0 424.0
10.849 151.0 222.0 199.0 421.0
10.8732 151.0 222.0 199.0 421.0
10.8974 152.0 225.0 201.0 423.0
10.9458 153.0 226.0 203.0 427.0
10.97 152.0 225.0 201.0 425.0
10.9943 152.0 225.0 201.0 425.0
11.0427 154.0 226.0 203.0 429.0
11.0669 155.0 227.0 204.0 431.0
11.1153 154.0 226.0 204.0 429.0
11.1396 154.0 226.0 204.0 429.0
11.2122 154.0 227.0 204.0 430.0
11.2606 154.0 226.0 204.0 429.0
11.3091 156.0 228.0 206.0 434.0
11.3333 155.0 228.0 206.0 433.0
11.3575 155.0 228.0 206.0 433.0
11.3817 156.0 230.0 208.0 437.0
11.4059 156.0 230.0 208.0 437.0
11.4544 158.0 231.0 208.0 439.0
11.4786 156.0 228.0 206.0 434.0
11.5028 156.0 228.0 206.0 434.0
11.527 156.0 230.0 208.0 435.0
11.5755 159.0 232.0 211.0 443.0
11.5997 157.0 231.0 208.0 438.0
11.6239 157.0 231.0 208.0 438.0
11.6723 159.0 234.0 211.0 444.0
11.7207 160.0 234.0 211.0 445.0
11.745 159.0 232.0 211.0 444.0
11.7934 163.0 238.0 215.0 453.0
11.8176 164.0 238.0 215.0 455.0
11.866 164.0 238.0 215.0 455.0
11.8903 169.0 241.0 220.0 464.0
11.9145 179.0 251.0 229.0 487.0
11.9387 190.0 261.0 239.0 510.0
11.9871 190.0 261.0 239.0 510.0
12.0356 203.0 273.0 251.0 538.0
12.0598 218.0 286.0 265.0 570.0
12.084 234.0 300.0 279.0 604.0
12.1082 234.0 300.0 279.0 604.0
12.1324 250.0 314.0 295.0 637.0
12.1566 266.0 330.0 310.0 674.0
12.2051 282.0 343.0 326.0 709.0
12.2293 282.0 343.0 326.0 709.0
12.2535 302.0 361.0 343.0 748.0
12.2777 302.0 361.0 343.0 748.0
12.3019 341.0 396.0 380.0 831.0
12.3504 341.0 396.0 380.0 831.0
12.3746 360.0 413.0 397.0 872.0
12.3988 380.0 430.0 416.0 915.0
12.423 380.0 430.0 416.0 915.0
12.4472 406.0 453.0 441.0 965.0
12.4715 426.0 470.0 458.0 1009.0
12.5199 426.0 470.0 458.0 1009.0
12.5441 445.0 489.0 477.0 1019.0
12.5925 470.0 509.0 500.0 1023.0
12.6168 470.0 509.0 500.0 1023.0
12.641 494.0 530.0 521.0 1023.0
12.6652 494.0 530.0 521.0 1023.0
12.6894 536.0 568.0 561.0 1024.0
12.7378 536.0 568.0 561.0 1024.0
12.7621 552.0 582.0 576.0 1024.0
12.7863 552.0 582.0 576.0 1024.0
12.8105 569.0 597.0 590.0 1024.0
12.8347 569.0 597.0 590.0 1024.0
12.8831 589.0 612.0 606.0 1024.0
12.9074 619.0 642.0 637.0 1024.0
12.9558 619.0 642.0 637.0 1024.0
12.98 632.0 651.0 651.0 1023.0
13.0042 644.0 667.0 667.0 1023.0
13.0284 644.0 667.0 667.0 1023.0
13.0527 655.0 679.0 677.0 1023.0
13.0769 655.0 679.0 677.0 1023.0
13.1011 659.0 679.0 677.0 1023.0
13.1253 665.0 685.0 684.0 1023.0
13.1495 665.0 685.0 684.0 1023.0
13.1737 669.0 688.0 684.0 1023.0
13.198 669.0 688.0 684.0 1023.0
13.2464 672.0 690.0 687.0 1023.0
13.319 673.0 692.0 687.0 1023.0
13.3433 675.0 693.0 687.0 1023.0
13.3675 677.0 695.0 689.0 1023.0
13.4159 682.0 699.0 694.0 1023.0
13.4643 682.0 699.0 694.0 1023.0
13.6581 685.0 703.0 696.0 1024.0
13.7065 681.0 698.0 691.0 1024.0
13.7307 678.0 694.0 687.0 1024.0
13.7549 678.0 694.0 687.0 1024.0
13.7791 673.0 688.0 686.0 1024.0
13.8034 675.0 689.0 686.0 1024.0
13.8276 671.0 686.0 684.0 1024.0
13.8518 671.0 686.0 684.0 1024.0
13.9002 678.0 695.0 691.0 1024.0
13.9244 671.0 688.0 686.0 1024.0
13.9729 671.0 688.0 686.0 1024.0
13.9971 663.0 677.0 677.0 1024.0
14.0213 660.0 676.0 674.0 1024.0
14.0455 660.0 676.0 674.0 1024.0
14.0697 648.0 664.0 665.0 1024.0
14.094 648.0 664.0 665.0 1024.0
14.1182 638.0 650.0 653.0 1024.0
14.1424 616.0 629.0 628.0 1024.0
14.1666 616.0 629.0 628.0 1024.0
14.1908 591.0 606.0 608.0 1024.0
14.215 591.0 606.0 608.0 1024.0
14.2635 571.0 582.0 583.0 1024.0
14.2877 554.0 567.0 569.0 1024.0
14.3119 554.0 567.0 569.0 1024.0
14.3603 529.0 539.0 541.0 1024.0
14.4088 476.0 485.0 488.0 1022.0
14.4572 476.0 485.0 488.0 1022.0
14.5056 452.0 460.0 462.0 1024.0
14.5299 419.0 426.0 430.0 956.0
14.5783 395.0 403.0 404.0 900.0
14.6025 372.0 379.0 382.0 845.0
14.6752 341.0 349.0 350.0 781.0
14.6994 318.0 326.0 328.0 729.0
14.7236 296.0 304.0 305.0 676.0
14.7478 270.0 278.0 279.0 620.0
14.772 270.0 278.0 279.0 620.0
14.7962 247.0 254.0 257.0 567.0
14.8447 223.0 231.0 232.0 515.0
14.8931 223.0 231.0 232.0 515.0
14.9173 200.0 208.0 208.0 462.0
14.9658 179.0 187.0 187.0 416.0
14.99 179.0 187.0 187.0 416.0
15.0384 160.0 167.0 168.0 373.0
15.0626 128.0 135.0 135.0 299.0
15.111 128.0 135.0 135.0 299.0
15.1353 115.0 120.0 121.0 268.0
15.1837 103.0 107.0 107.0 240.0
15.2079 103.0 107.0 107.0 240.0
15.2321 96.0 100.0 100.0 224.0
15.2563 96.0 100.0 100.0 224.0
15.2806 90.0 93.0 93.0 209.0
15.329 87.0 89.0 90.0 201.0
15.3774 83.0 85.0 86.0 192.0
15.4016 81.0 84.0 85.0 189.0
15.4259 81.0 84.0 85.0 189.0
15.4743 81.0 83.0 85.0 188.0
15.5227 80.0 83.0 83.0 186.0
15.5469 80.0 83.0 83.0 185.0
15.5712 80.0 83.0 83.0 186.0
15.5954 80.0 83.0 83.0 186.0
15.6196 79.0 81.0 83.0 184.0
15.6438 79.0 81.0 83.0 184.0
15.668 80.0 83.0 83.0 185.0
15.6922 80.0 83.0 83.0 185.0
15.7165 80.0 83.0 83.0 185.0
15.7407 80.0 83.0 85.0 187.0
15.7891 80.0 83.0 85.0 187.0
15.8133 81.0 84.0 85.0 189.0
15.8375 81.0 84.0 85.0 189.0
15.8618 82.0 84.0 86.0 190.0
15.886 82.0 84.0 86.0 191.0
15.9102 82.0 85.0 86.0 192.0
15.9586 82.0 85.0 86.0 192.0
15.9828 82.0 85.0 86.0 192.0
16.0071 82.0 85.0 86.0 192.0
16.0313 84.0 88.0 88.0 197.0
16.0555 85.0 88.0 90.0 199.0
16.1039 85.0 88.0 90.0 199.0
16.1281 88.0 92.0 92.0 205.0
16.1524 91.0 94.0 95.0 213.0
16.2008 98.0 102.0 102.0 230.0
16.225 109.0 114.0 114.0 255.0
16.2492 109.0 114.0 114.0 255.0
16.2734 124.0 130.0 130.0 290.0
16.2977 124.0 130.0 130.0 290.0
16.3461 140.0 146.0 145.0 328.0
16.3703 158.0 165.0 165.0 369.0
16.4187 179.0 187.0 185.0 417.0
16.443 179.0 187.0 185.0 417.0
16.4914 202.0 212.0 210.0 470.0
16.5156 223.0 232.0 231.0 516.0
16.5398 248.0 258.0 257.0 574.0
16.564 248.0 258.0 257.0 574.0
16.6125 270.0 280.0 279.0 624.0
16.6367 292.0 303.0 302.0 675.0
16.6609 315.0 326.0 324.0 727.0
16.6851 315.0 326.0 324.0 727.0
16.7093 337.0 348.0 347.0 776.0
16.7336 361.0 373.0 371.0 830.0
16.7578 361.0 373.0 371.0 830.0
16.782 384.0 396.0 396.0 880.0
16.8062 384.0 396.0 396.0 880.0
16.8304 406.0 418.0 418.0 932.0
16.9031 430.0 443.0 442.0 982.0
16.9273 449.0 461.0 460.0 1019.0
16.9515 476.0 489.0 489.0 1024.0
17.0241 497.0 511.0 512.0 1024.0
17.0484 518.0 530.0 531.0 1024.0
17.0968 538.0 550.0 550.0 1024.0
17.121 538.0 550.0 550.0 1024.0
17.1452 561.0 576.0 576.0 1024.0
17.1694 580.0 593.0 594.0 1024.0
17.2179 596.0 612.0 613.0 1024.0
17.3874 596.0 612.0 613.0 1024.0
17.4116 654.0 673.0 674.0 1023.0
17.4358 657.0 675.0 675.0 1023.0
17.46 657.0 675.0 675.0 1023.0
17.4843 666.0 684.0 686.0 1023.0
17.5085 664.0 684.0 684.0 1023.0
17.5569 668.0 688.0 689.0 1023.0
17.6053 670.0 689.0 691.0 1023.0
17.6538 672.0 692.0 689.0 1023.0
17.678 672.0 692.0 689.0 1023.0
17.7264 669.0 686.0 687.0 1023.0
17.7506 665.0 682.0 682.0 1023.0
17.7749 671.0 690.0 689.0 1023.0
17.8233 671.0 690.0 689.0 1023.0
17.8475 667.0 686.0 686.0 1023.0
17.8959 666.0 684.0 682.0 1023.0
17.9202 669.0 688.0 686.0 1023.0
17.9686 670.0 688.0 686.0 1023.0
18.017 666.0 684.0 682.0 1023.0
18.0412 666.0 684.0 682.0 1023.0
18.0655 669.0 688.0 686.0 1023.0
18.1139 668.0 685.0 684.0 1023.0
18.1623 666.0 688.0 687.0 1023.0
18.2108 664.0 686.0 686.0 1023.0
18.235 659.0 679.0 677.0 1023.0
18.2834 657.0 677.0 674.0 1023.0
18.3318 646.0 669.0 667.0 1023.0
18.356 633.0 653.0 651.0 1023.0
18.3803 633.0 653.0 651.0 1023.0
18.4045 633.0 653.0 651.0 1023.0
18.4287 619.0 639.0 639.0 1023.0
18.4529 603.0 629.0 625.0 1024.0
18.5014 590.0 617.0 613.0 1024.0
18.5256 577.0 604.0 599.0 1024.0
18.5498 577.0 604.0 599.0 1024.0
18.574 557.0 589.0 583.0 1024.0
18.5982 557.0 589.0 583.0 1024.0
18.6224 540.0 573.0 566.0 1024.0
18.6466 540.0 573.0 566.0 1024.0
18.6709 522.0 556.0 548.0 1024.0
18.6951 522.0 556.0 548.0 1024.0
18.7193 500.0 538.0 529.0 1024.0
18.7435 485.0 525.0 514.0 1024.0
18.7919 462.0 506.0 493.0 1022.0
18.8162 448.0 494.0 481.0 1023.0
18.8646 427.0 477.0 460.0 1008.0
18.9372 383.0 438.0 420.0 922.0
18.9857 383.0 438.0 420.0 922.0
19.0099 367.0 426.0 406.0 886.0
19.0341 346.0 408.0 387.0 842.0
19.0583 346.0 408.0 387.0 842.0
19.0825 325.0 390.0 368.0 801.0
19.1068 306.0 373.0 350.0 761.0
19.131 306.0 373.0 350.0 761.0
19.1794 285.0 355.0 330.0 719.0
19.2036 270.0 343.0 316.0 687.0
19.2278 253.0 329.0 300.0 650.0
19.2763 253.0 329.0 300.0 650.0
19.3247 235.0 312.0 284.0 615.0
19.3489 235.0 312.0 284.0 615.0
19.3731 220.0 299.0 270.0 583.0
19.3974 207.0 288.0 258.0 556.0
19.4216 195.0 275.0 246.0 528.0
19.4458 184.0 266.0 236.0 505.0
19.5184 184.0 266.0 236.0 505.0
19.5427 176.0 260.0 227.0 488.0
19.5911 170.0 253.0 222.0 474.0
19.6153 167.0 252.0 218.0 469.0
19.6395 162.0 245.0 213.0 456.0
19.6637 159.0 243.0 210.0 450.0
19.688 159.0 243.0 210.0 450.0
19.7364 157.0 240.0 208.0 445.0
19.7848 157.0 240.0 208.0 445.0
19.8333 155.0 239.0 204.0 440.0
19.8575 155.0 238.0 204.0 438.0
19.8817 156.0 240.0 206.0 442.0
19.9059 156.0 240.0 206.0 442.0
19.9301 156.0 240.0 206.0 442.0
19.9786 154.0 236.0 204.0 437.0
20.027 154.0 236.0 203.0 436.0